(17, 0.13833407623208557)
(18, 0.1355594548722469)
(19, 0.11014651225830889)
(21, 0.05910601736519538)
(2, 0.05798844308662319)
(16, 0.0576549999633559)
(22, 0.052019492551755225)
(20, 0.050747057423769594)
(0, 0.04729607809709379)
(23, 0.04611978964917874)
(4, 0.043550049348438355)
(1, 0.03693363940712342)
(3, 0.036182451511930065)
(5, 0.030866937904435853)
(15, 0.0015867212892034098)
(6, 0.00017377201085252316)
(10, 0.00012171915451295598)
(7, 0.00011966378341348402)
(13, 8.725483189085804e-05)
(11, 8.282385590884391e-05)
(12, 8.186309604244009e-05)
(9, 5.8945224127510875e-05)
(14, 4.688806476187454e-05)
(8, 4.2052496195290175e-05)
